  (0, 439)	0.0870042177980322
  (0, 3582)	0.194126470354054
  (0, 7118)	0.13614291580578
  (0, 9411)	0.154103274409451
  (0, 9760)	0.285373545267638
  (0, 10181)	0.212788002734794
  (0, 10316)	0.118252803308051
  (0, 13670)	0.170143676733201
  (0, 19945)	0.0979486986192619
  (0, 23392)	0.307377061413459
  (0, 23683)	0.202411971770295
  (0, 23690)	0.258118864501704
  (0, 24343)	0.292990553420058
  (0, 28752)	0.058848796864243
  (0, 31159)	0.116755603466201
  (0, 31593)	0.139076920011365
  (0, 32467)	0.115831118029631
  (0, 34203)	0.227474188443192
  (0, 34541)	0.143853138444849
  (0, 34580)	0.317026328433737
  (0, 34762)	0.110286042633972
  (0, 34904)	0.198906233689155
  (0, 35314)	0.289624220221594
  (0, 39524)	0.056184844993897
  (0, 39697)	0.275497168446112
  :	:
  (499, 40342)	0.0533710677137801
  (499, 40365)	0.0784558603448261
  (499, 40531)	0.0447389170775183
  (499, 40630)	0.0302712176746361
  (499, 40923)	0.260837644638855
  (499, 41203)	0.0392605130926314
  (499, 41799)	0.0166436529487131
  (499, 42103)	0.019956216837041
  (499, 42159)	0.0291115039934932
  (499, 42383)	0.083546816045874
  (499, 42520)	0.0389647014904374
  (499, 42705)	0.0493315789437407
  (499, 43635)	0.0209354984619859
  (499, 44615)	0.0500482299620132
  (499, 44747)	0.0478179025001023
  (499, 45314)	0.069668507735991
  (499, 45879)	0.0639147992952876
  (499, 45939)	0.0494089919428741
  (499, 45951)	0.048730713980862
  (499, 45978)	0.0795293910381031
  (499, 46096)	0.0518256964281617
  (499, 46098)	0.0976774506192301
  (499, 46158)	0.0700369632280911
  (499, 46195)	0.0522674607755661
  (499, 46544)	0.0158701286475648
